Nov 30 2021	622.67					
Nov 29 2021	624.31					
Nov 28 2021	611.37					
Nov 27 2021	600.34					
Nov 26 2021	585.15					
Nov 25 2021	603.73					
Nov 24 2021	581.40					
Nov 23 2021	591.44					
Nov 22 2021	559.13					
Nov 21 2021	585.29					
Nov 20 2021	603.84					
Nov 19 2021	581.53					
Nov 18 2021	532.24					
Nov 17 2021	578.09					
Nov 16 2021	589.82					
Nov 15 2021	633.05					
Nov 14 2021	650.92					
Nov 13 2021	650.10					
Nov 12 2021	626.64					
Nov 11 2021	629.89					
Nov 10 2021	615.28					
Nov 09 2021	635.19					
Nov 08 2021	654.32					
Nov 07 2021	650.45					
Nov 06 2021	636.11					
Nov 05 2021	608.65					
Nov 04 2021	559.74					
Nov 03 2021	568.58					
Nov 02 2021	554.45					
Nov 01 2021	551.26					
Oct 31 2021	524.36					
Oct 30 2021	527.92					
Oct 29 2021	529.62					
Oct 28 2021	492.02					
Oct 27 2021	449.01					
Oct 26 2021	478.03					
Oct 25 2021	484.65					
Oct 24 2021	476.63					
Oct 23 2021	485.91					
Oct 22 2021	478.64					
Oct 21 2021	471.26					
Oct 20 2021	501.02					
Oct 19 2021	488.15					
Oct 18 2021	485.11					
Oct 17 2021	470.63					
Oct 16 2021	465.64					
Oct 15 2021	473.70					
Oct 14 2021	472.02					
Oct 13 2021	470.75					
Oct 12 2021	443.87					
Oct 11 2021	413.46					
Oct 10 2021	405.07					
Oct 09 2021	421.55					
Oct 08 2021	419.10					
Oct 07 2021	438.76					
Oct 06 2021	435.40					
Oct 05 2021	442.71					
Oct 04 2021	425.75					
Oct 03 2021	430.51					
Oct 02 2021	428.10					
Oct 01 2021	421.64					
Sep 30 2021	387.06					
Sep 29 2021	367.99					
Sep 28 2021	333.03					
Sep 27 2021	336.19					
Sep 26 2021	344.18					
Sep 25 2021	349.88					
Sep 24 2021	355.32					
Sep 23 2021	383.82					
Sep 22 2021	379.44					
Sep 21 2021	344.53					
Sep 20 2021	361.97					
Sep 19 2021	408.47					
Sep 18 2021	410.81					
Sep 17 2021	406.63					
Sep 16 2021	424.65					
Sep 15 2021	431.42					
Sep 14 2021	414.24					
Sep 13 2021	399.06					
Sep 12 2021	416.68					
Sep 11 2021	405.53					
Sep 10 2021	401.62					
Sep 09 2021	421.27					
Sep 08 2021	415.11					
Sep 07 2021	417.51					
Sep 06 2021	495.93					
Sep 05 2021	504.62					
Sep 04 2021	498.08					
Sep 03 2021	488.60					
Sep 02 2021	483.92					
Sep 01 2021	490.07					
Aug 31 2021	464.42					
Aug 30 2021	459.49					
Aug 29 2021	480.28					
Aug 28 2021	486.20					
Aug 27 2021	494.50					
Aug 26 2021	479.01					
Aug 25 2021	502.79					
Aug 24 2021	471.60					
Aug 23 2021	499.89					
Aug 22 2021	449.05					
Aug 21 2021	448.92					
Aug 20 2021	454.94					
Aug 19 2021	430.99					
Aug 18 2021	398.25					
Aug 17 2021	401.91					
Aug 16 2021	417.47					
Aug 15 2021	414.60					
Aug 14 2021	409.03					
Aug 13 2021	410.94					
Aug 12 2021	385.82					
Aug 11 2021	391.76					
Aug 10 2021	371.95					
Aug 09 2021	354.97					
Aug 08 2021	342.06					
Aug 07 2021	355.74					
Aug 06 2021	342.14					
Aug 05 2021	337.87					
Aug 04 2021	334.92					
Aug 03 2021	322.75					
Aug 02 2021	331.10					
Aug 01 2021	333.48					
Jul 31 2021	333.55					
Jul 30 2021	322.91					
Jul 29 2021	316.75					
Jul 28 2021	313.43					
Jul 27 2021	313.60					
Jul 26 2021	304.48					
Jul 25 2021	302.44					
Jul 24 2021	302.07					
Jul 23 2021	299.28					
Jul 22 2021	293.64					
Jul 21 2021	292.53					
Jul 20 2021	264.78					
Jul 19 2021	280.02					
Jul 18 2021	302.48					
Jul 17 2021	300.50					
Jul 16 2021	302.99					
Jul 15 2021	315.24					
Jul 14 2021	309.41					
Jul 13 2021	308.81					
Jul 12 2021	316.33					
Jul 11 2021	322.03					
Jul 10 2021	316.14					
Jul 09 2021	316.48					
Jul 08 2021	310.43					
Jul 07 2021	327.52					
Jul 06 2021	320.93					
Jul 05 2021	302.38					
Jul 04 2021	307.73					
Jul 03 2021	298.24					
Jul 02 2021	287.42					
Jul 01 2021	288.22					
Jun 30 2021	303.30					
Jun 29 2021	300.21					
Jun 28 2021	289.53					
Jun 27 2021	290.57					
Jun 26 2021	279.44					
Jun 25 2021	281.62					
Jun 24 2021	308.40					
Jun 23 2021	294.49					
Jun 22 2021	261.82					
Jun 21 2021	270.98					
Jun 20 2021	340.07					
Jun 19 2021	335.71					
Jun 18 2021	336.81					
Jun 17 2021	352.74					
Jun 16 2021	347.03					
Jun 15 2021	373.57					
Jun 14 2021	368.79					
Jun 13 2021	366.65					
Jun 12 2021	343.74					
Jun 11 2021	345.93					
Jun 10 2021	352.18					
Jun 09 2021	375.73					
Jun 08 2021	354.00					
Jun 07 2021	357.31					
Jun 06 2021	393.82					
Jun 05 2021	390.43					
Jun 04 2021	391.40					
Jun 03 2021	427.81					
Jun 02 2021	401.26					
Jun 01 2021	362.79					
May 31 2021	354.33					
May 30 2021	325.78					
May 29 2021	305.05					
May 28 2021	329.88					
May 27 2021	367.66					
May 26 2021	379.85					
May 25 2021	344.11					
May 24 2021	345.31					
May 23 2021	262.95					
May 22 2021	299.50					
May 21 2021	326.30					
May 20 2021	393.61					
May 19 2021	339.03					
May 18 2021	508.02					
May 17 2021	511.96					
May 16 2021	562.83					
May 15 2021	563.04					
May 14 2021	603.13					
May 13 2021	571.43					
May 12 2021	588.19					
May 11 2021	672.33					
May 10 2021	631.35					
May 09 2021	662.23					
May 08 2021	646.10					
May 07 2021	624.56					
May 06 2021	633.28					
May 05 2021	651.66					
May 04 2021	611.20					
May 03 2021	675.68					
May 02 2021	622.10					
May 01 2021	619.35					
Apr 30 2021	624.08					
Apr 29 2021	599.71					
Apr 28 2021	562.63					
Apr 27 2021	568.47					
Apr 26 2021	534.58					
Apr 25 2021	505.08					
Apr 24 2021	496.42					
Apr 23 2021	526.57					
Apr 22 2021	506.01					
Apr 21 2021	546.02					
Apr 20 2021	587.03					
Apr 19 2021	505.09					
Apr 18 2021	481.03					
Apr 17 2021	520.42					
Apr 16 2021	510.22					
Apr 15 2021	542.63					
Apr 14 2021	549.59					
Apr 13 2021	549.59					
Apr 12 2021	598.72					
Apr 11 2021	525.39					
Apr 10 2021	472.56					
Apr 09 2021	453.18					
Apr 08 2021	418.04					
Apr 07 2021	374.66					
Apr 06 2021	403.59					
Apr 05 2021	367.77					
Apr 04 2021	351.62					
Apr 03 2021	323.13					
Apr 02 2021	339.01					
Apr 01 2021	335.21					
Mar 31 2021	302.06					
Mar 30 2021	311.43					
Mar 29 2021	275.21					
Mar 28 2021	269.19					
Mar 27 2021	269.10					
Mar 26 2021	255.10					
Mar 25 2021	234.89					
Mar 24 2021	249.85					
Mar 23 2021	255.69					
Mar 22 2021	255.90					
Mar 21 2021	264.89					
Mar 20 2021	264.74					
Mar 19 2021	264.06					
Mar 18 2021	261.70					
Mar 17 2021	269.85					
Mar 16 2021	258.10					
Mar 15 2021	254.66					
Mar 14 2021	264.64					
Mar 13 2021	276.10					
Mar 12 2021	263.69					
Mar 11 2021	289.79					
Mar 10 2021	279.36					
Mar 09 2021	293.46					
Mar 08 2021	240.32					
Mar 07 2021	240.18					
Mar 06 2021	226.67					
Mar 05 2021	226.37					
Mar 04 2021	229.95					
Mar 03 2021	241.09					
Mar 02 2021	239.52					
Mar 01 2021	254.63					
Feb 28 2021	209.57					
Feb 27 2021	225.25					
Feb 26 2021	221.68					
Feb 25 2021	233.89					
Feb 24 2021	254.36					
Feb 23 2021	230.99					
Feb 22 2021	267.51					
Feb 21 2021	293.92					
Feb 20 2021	255.95					
Feb 19 2021	332.62					
Feb 18 2021	195.93					
Feb 17 2021	164.67					
Feb 16 2021	130.06					
Feb 15 2021	129.57					
Feb 14 2021	136.43					
Feb 13 2021	133.45					
Feb 12 2021	136.95					
Feb 11 2021	124.43					
Feb 10 2021	129.74					
Feb 09 2021	107.90					
Feb 08 2021	79.83					
Feb 07 2021	68.59					
Feb 06 2021	72.73					
Feb 05 2021	67.85					
Feb 04 2021	55.93					
Feb 03 2021	52.24					
Feb 02 2021	51.06					
Feb 01 2021	51.61					
Jan 31 2021	44.28					
Jan 30 2021	44.77					
Jan 29 2021	42.85					
Jan 28 2021	42.53					
Jan 27 2021	40.99					
Jan 26 2021	41.69					
Jan 25 2021	41.62					
Jan 24 2021	41.88					
Jan 23 2021	40.82					
Jan 22 2021	40.86					
Jan 21 2021	38.65					
Jan 20 2021	42.61					
Jan 19 2021	42.79					
Jan 18 2021	45.35					
Jan 17 2021	45.68					
Jan 16 2021	43.17					
Jan 15 2021	40.92					
Jan 14 2021	41.79					
Jan 13 2021	40.14					
Jan 12 2021	38.11					
Jan 11 2021	38.37					
Jan 10 2021	42.45					
Jan 09 2021	43.93					
Jan 08 2021	42.40					
Jan 07 2021	43.45					
Jan 06 2021	42.17					
Jan 05 2021	41.73					
Jan 04 2021	40.93					
Jan 03 2021	41.15					
Jan 02 2021	38.24					
Jan 01 2021	37.91					
Dec 31 2020	37.38					
Dec 30 2020	38.14					
Dec 29 2020	38.95					
Dec 28 2020	35.84					
Dec 27 2020	33.51					
Dec 26 2020	33.48					
Dec 25 2020	33.16					
Dec 24 2020	32.50					
Dec 23 2020	31.10					
Dec 22 2020	33.48					
Dec 21 2020	32.27					
Dec 20 2020	34.16					
Dec 19 2020	33.30					
Dec 18 2020	30.94					
Dec 17 2020	30.18					
Dec 16 2020	30.49					
Dec 15 2020	29.55					
Dec 14 2020	30.03					
Dec 13 2020	29.10					
Dec 12 2020	28.16					
Dec 11 2020	27.36					
Dec 10 2020	27.70					
Dec 09 2020	28.13					
Dec 08 2020	27.64					
Dec 07 2020	29.38					
Dec 06 2020	29.54					
Dec 05 2020	29.73					
Dec 04 2020	29.07					
Dec 03 2020	30.70					
Dec 02 2020	30.30					
Dec 01 2020	30.11					
Nov 30 2020	31.39					
Nov 29 2020	30.12					
Nov 28 2020	29.14					
Nov 27 2020	28.48					
Nov 26 2020	28.20					
Nov 25 2020	31.34					
Nov 24 2020	33.80					
Nov 23 2020	30.97					
Nov 22 2020	29.93					
Nov 21 2020	30.39					
Nov 20 2020	28.89					
Nov 19 2020	28.09					
Nov 18 2020	28.08					
Nov 17 2020	28.53					
Nov 16 2020	28.06					
Nov 15 2020	27.62					
Nov 14 2020	27.94					
Nov 13 2020	28.18					
Nov 12 2020	27.61					
Nov 11 2020	27.96					
Nov 10 2020	28.19					
Nov 09 2020	28.02					
Nov 08 2020	28.31					
Nov 07 2020	27.74					
Nov 06 2020	29.02					
Nov 05 2020	27.68					
Nov 04 2020	26.93					
Nov 03 2020	26.86					
Nov 02 2020	27.88					
Nov 01 2020	28.46					
Oct 31 2020	28.43					
Oct 30 2020	28.51					
Oct 29 2020	29.84					
Oct 28 2020	30.36					
Oct 27 2020	31.64					
Oct 26 2020	31.15					
Oct 25 2020	30.11					
Oct 24 2020	30.59					
Oct 23 2020	30.63					
Oct 22 2020	30.66					
Oct 21 2020	29.77					
Oct 20 2020	28.80					
Oct 19 2020	29.93					
Oct 18 2020	30.66					
Oct 17 2020	30.25					
Oct 16 2020	29.99					
Oct 15 2020	31.30					
Oct 14 2020	30.91					
Oct 13 2020	30.71					
Oct 12 2020	30.71					
Oct 11 2020	28.56					
Oct 10 2020	28.31					
Oct 09 2020	28.45					
Oct 08 2020	27.71					
Oct 07 2020	27.70					
Oct 06 2020	27.71					
Oct 05 2020	28.66					
Oct 04 2020	28.94					
Oct 03 2020	28.20					
Oct 02 2020	27.29					
Oct 01 2020	27.43					
Sep 30 2020	29.29					
Sep 29 2020	28.84					
Sep 28 2020	26.98					
Sep 27 2020	26.20					
Sep 26 2020	26.22					
Sep 25 2020	24.66					
Sep 24 2020	24.61					
Sep 23 2020	22.86					
Sep 22 2020	24.10					
Sep 21 2020	23.27					
Sep 20 2020	26.39					
Sep 19 2020	27.25					
Sep 18 2020	27.40					
Sep 17 2020	26.99					
Sep 16 2020	27.96					
Sep 15 2020	27.20					
Sep 14 2020	31.18					
Sep 13 2020	31.06					
Sep 12 2020	28.53					
Sep 11 2020	25.45					
Sep 10 2020	24.56					
Sep 09 2020	24.53					
Sep 08 2020	23.19					
Sep 07 2020	22.39					
Sep 06 2020	23.19					
Sep 05 2020	19.48					
Sep 04 2020	21.06					
Sep 03 2020	20.62					
Sep 02 2020	24.69					
Sep 01 2020	24.82					
Aug 31 2020	23.19					
Aug 30 2020	23.64					
Aug 29 2020	23.01					
Aug 28 2020	23.13					
Aug 27 2020	23.08					
Aug 26 2020	22.28					
Aug 25 2020	21.48					
Aug 24 2020	22.61					
Aug 23 2020	21.87					
Aug 22 2020	22.24					
Aug 21 2020	22.13					
Aug 20 2020	23.09					
Aug 19 2020	22.31					
Aug 18 2020	23.07					
Aug 17 2020	23.51					
Aug 16 2020	23.50					
Aug 15 2020	23.02					
Aug 14 2020	23.07					
Aug 13 2020	22.08					
Aug 12 2020	21.75					
Aug 11 2020	21.26					
Aug 10 2020	22.61					
Aug 09 2020	22.48					
Aug 08 2020	22.88					
Aug 07 2020	22.31					
Aug 06 2020	22.71					
Aug 05 2020	23.34					
Aug 04 2020	22.28					
Aug 03 2020	22.06					
Aug 02 2020	20.94					
Aug 01 2020	21.53					
Jul 31 2020	20.67					
Jul 30 2020	20.01					
Jul 29 2020	19.90					
Jul 28 2020	20.17					
Jul 27 2020	19.62					
Jul 26 2020	19.52					
Jul 25 2020	19.78					
Jul 24 2020	19.15					
Jul 23 2020	18.67					
Jul 22 2020	18.09					
Jul 21 2020	17.72					
Jul 20 2020	17.48					
Jul 19 2020	17.96					
Jul 18 2020	17.13					
Jul 17 2020	17.08					
Jul 16 2020	17.14					
Jul 15 2020	17.59					
Jul 14 2020	18.08					
Jul 13 2020	18.41					
Jul 12 2020	18.24					
Jul 11 2020	17.62					
Jul 10 2020	17.26					
Jul 09 2020	16.88					
Jul 08 2020	17.23					
Jul 07 2020	16.77					
Jul 06 2020	16.30					
Jul 05 2020	15.48					
Jul 04 2020	15.55					
Jul 03 2020	15.29					
Jul 02 2020	15.54					
Jul 01 2020	15.83					
Jun 30 2020	15.41					
Jun 29 2020	15.51					
Jun 28 2020	15.42					
Jun 27 2020	15.19					
Jun 26 2020	15.75					
Jun 25 2020	15.92					
Jun 24 2020	16.03					
Jun 23 2020	16.42					
Jun 22 2020	16.48					
Jun 21 2020	16.00					
Jun 20 2020	16.05					
Jun 19 2020	15.91					
Jun 18 2020	16.21					
Jun 17 2020	16.40					
Jun 16 2020	16.42					
Jun 15 2020	16.38					
Jun 14 2020	16.66					
Jun 13 2020	16.82					
Jun 12 2020	16.67					
Jun 11 2020	16.31					
Jun 10 2020	17.41					
Jun 09 2020	17.44					
Jun 08 2020	17.39					
Jun 07 2020	17.45					
Jun 06 2020	17.54					
Jun 05 2020	17.69					
Jun 04 2020	17.57					
Jun 03 2020	17.55					
Jun 02 2020	17.24					
Jun 01 2020	17.91					
						
